# Created by Octave 5.2.0, Tue Oct 20 20:20:20 2020 GMT <unknown@DESKTOP-HKM4Q00>
# name: traffic
# type: matrix
# rows: 420
# columns: 8
 1 23450 92 1 88.763440860215056 196.5 712 203.5
 1 28067 180 1 81.585635359116026 191 704 191
 1 141890 122 1 100.16666666666667 234 707.5 226
 1 150397 133 1 83.141791044776113 194.5 712.5 194.5
 2 59719 112 1 77.230088495575217 192 719.5 192
 2 154656 98 1 108.97938144329896 259 712.5 248.5
 3 54956 119 1 92.474999999999994 195.5 657 195.5
 3 69821 92 1 119.19354838709677 215.5 689.5 215.5
 3 135678 183 1 87.722826086956516 192 714 192
 4 59641 66 1 318.25373134328356 311.5 600 311.5
 4 97992 103 1 144.75 199.5 681.5 199.5
 5 97399 82 1 88.578313253012041 215.5 710.5 214
 6 71875 83 1 121.60714285714286 215.5 694.5 215.5
 6 89118 90 1 88.428571428571431 203.5 703.5 203.5
 7 51658 95 1 114.94791666666667 213.5 697.5 213.5
 7 100696 97 1 125.25842696629213 188.5 693.5 188.5
 8 25580 55 1 325.26785714285717 318 599.5 318
 8 35099 103 1 73.093023255813947 195.5 721.5 195.5
 8 124976 33 1 90 192.5 390 192.5
 9 83167 88 1 119.6067415730337 208 694.5 208
 10 96167 88 1 71.842857142857142 215.5 720.5 215.5
 11 4865 102 1 123.90291262135922 189 695 189
 11 17740 79 1 87 194 713 194
 13 131780 59 1 324.05000000000001 316.5 586.5 316.5
 14 4422 57 1 323.19999999999999 312.5 603 312.5
 14 49209 198 1 82.532663316582912 190 715 190
 14 152495 114 1 85.095238095238102 213.5 714.5 210.5
 15 77106 115 1 87.340909090909093 195.5 714 195.5
 16 117084 113 1 69.65789473684211 195 724.5 194
 17 32599 105 1 84.226415094339629 194 712 194
 18 42205 101 1 132.10784313725489 219 693 219
 18 75728 98 1 71.979797979797979 190.5 721 190.5
 18 143335 87 1 82.727272727272734 191.5 712.5 191.5
 20 52298 165 1 86.879518072289159 196 713 196
 20 99461 60 1 317.66666666666669 315 591 315
 21 130800 100 1 126.89108910891089 217 688.5 217
 21 142661 119 1 84.191666666666663 194 712 194
 22 93096 105 1 83.462264150943398 192 716 192
 23 144889 108 1 83.926605504587158 177 713.5 177
 23 146096 85 1 125.37209302325581 205 696 205
 24 81213 64 1 319.66153846153844 312 598.5 312
 25 20497 159 1 79.400000000000006 200 718.5 200
 25 105619 16 1 118.52941176470588 217.5 297 217.5
 25 141734 63 1 215.171875 258.5 537 258.5
 26 82453 94 1 138.53684210526316 224 691.5 224
 26 128347 21 1 77.63636363636364 194.5 306.5 194.5
 27 6587 121 1 142.91919191919192 240.5 685.5 217.5
 27 16687 39 1 88.941176470588232 197.5 390 197.5
 27 64503 115 1 92.853448275862064 198 711.5 198
 27 159625 96 1 113.60824742268041 188.5 698.5 182.5
 27 163391 84 1 260.91764705882355 285.5 633 285.5
 28 64726 119 1 87.158333333333331 193 712.5 193
 30 147168 92 1 102.35483870967742 172.5 700 172.5
 31 110849 85 1 111.61627906976744 175.5 698 175.5
 33 100940 92 1 91.767857142857139 195 712 194
 33 109777 264 1 150.46774193548387 270 695.5 195
 33 158563 123 1 72.258064516129039 194.5 723 194.5
 34 137956 138 1 86.689189189189193 197 712 180
 35 68710 91 1 83.673913043478265 195 718.5 195
 36 11058 112 1 88.647727272727266 195.5 712.5 195.5
 37 55214 151 1 94.095652173913038 228 720.5 219
 38 64810 119 1 76.950000000000003 192.5 722 192.5
 38 95860 32 1 79.515151515151516 202.5 370 202.5
 39 59869 108 1 102.94495412844037 212 693 212
 39 85319 223 1 101.04477611940298 180 709 180
 40 12326 97 1 139.53061224489795 221 677 221
 40 32826 116 1 87.418803418803421 192 712.5 192
 40 94984 76 1 67.259740259740255 195 621.5 195
 42 77560 104 1 114.33333333333333 338.5 711.5 323.5
 42 81782 101 1 103.1078431372549 192 704 191
 42 157522 98 1 82.050505050505052 191.5 713.5 191.5
 42 157922 78 1 206.86075949367088 257.5 656 257.5
 43 92946 50 1 67.117647058823536 195 423.5 195
 44 16032 25 1 83.34615384615384 208 326.5 208
 45 75332 92 1 121.24731182795699 215 695 215
 45 134317 95 1 111.77500000000001 282.5 662.5 251
 47 39882 112 1 82.268817204301072 192.5 715 192.5
 50 122089 102 1 98.951456310679617 201 698.5 201
 50 129911 80 1 169.55555555555554 277 666 277
 50 137838 89 1 101.72222222222223 195 702.5 195
 51 32467 105 1 85.660377358490564 202 711.5 202
 53 63869 71 1 242.94444444444446 301 646.5 301
 53 139760 44 1 99.840909090909093 314.5 314.5 183
 53 143777 86 1 192.41379310344828 250 664.5 250
 55 146226 165 1 83.084337349397586 191.5 712.5 191.5
 55 149412 147 1 90.910714285714292 192.5 710 192.5
 56 23610 89 1 87.900000000000006 192.5 708 192.5
 57 8861 109 1 85.681818181818187 195 712.5 195
 57 10782 95 1 108.3125 208.5 693.5 208.5
 57 121877 60 1 321.90163934426232 314 599 314
 58 150289 122 1 170.36585365853659 219.5 677 219.5
 59 18263 96 1 85.773195876288653 197.5 710.5 197.5
 60 85072 38 1 314.61538461538464 396 600 396
 61 5030 93 1 69.042553191489361 195.5 709 195.5
 61 44738 104 1 114.02857142857142 188.5 698 188.5
 61 54791 80 1 278.91358024691357 291.5 593.5 291.5
 61 101645 88 1 209.43820224719101 257.5 654.5 257.5
 61 142222 69 1 88.020833333333329 192 509 192
 62 2605 136 1 195.31386861313868 204 645.5 204
 62 53965 96 1 79.793478260869563 299.5 299.5 176.5
 62 145948 101 1 87.147058823529406 193 712 193
 63 23028 118 1 79.268907563025209 205 719 205
 63 47183 115 1 85.646551724137936 194.5 713 194.5
 64 25756 100 1 84.32673267326733 195 706 188.5
 64 36601 170 1 128.09356725146199 212.5 694 212.5
 64 51921 79 1 108.8 213 690 213
 64 97151 35 1 90.055555555555557 197.5 427 197.5
 64 97886 105 1 85.386792452830193 192 713 192
 65 113764 73 1 227.72972972972974 266.5 646.5 266.5
 66 64618 113 1 88.745614035087726 193 710.5 193
 66 93817 99 1 179.67010309278351 221 674 221
 66 103010 116 1 86.296296296296291 226 710.5 206.5
 67 68246 99 1 70.170000000000002 195 712.5 195
 67 117428 127 1 83.875 193.5 716 193.5
 68 75504 90 1 84.065934065934073 194 714 194
 68 79486 123 1 98.490909090909085 272 693.5 241.5
 68 111150 10 1 93.181818181818187 206 248 206
 69 127863 90 1 129.03296703296704 221.5 692.5 221.5
 70 64051 100 1 84.415841584158414 197 714.5 193
 70 85857 217 1 138.8125 266 510 204
 70 114101 61 1 321.33870967741933 317.5 602.5 317.5
 70 151954 177 1 71.748091603053439 190 629.5 190
 71 13126 153 1 84.246753246753244 195.5 706 195.5
 71 18927 79 1 245.1081081081081 273.5 638 273.5
 71 36979 165 1 115.17469879518072 210 704 210
 72 150600 131 1 114.1969696969697 186 698 186
 72 160223 104 1 89.146341463414629 230.5 712.5 230.5
 73 9007 114 1 80.173913043478265 204 714 202
 73 47003 92 1 167.98924731182797 251.5 676 251.5
 73 117211 109 1 86.990909090909085 197.5 710.5 197.5
 73 123805 60 1 88.375 196 475.5 196
 74 149543 80 1 85.758620689655174 193 637 193
 75 106473 93 1 67.88297872340425 195 715 195
 75 109068 146 1 81.19047619047619 191 715.5 186
 76 68863 100 1 87.148514851485146 194.5 714 194.5
 77 36038 138 1 76.91379310344827 190.5 714.5 190.5
 77 37535 91 1 88.423913043478265 194.5 709.5 194.5
 77 154241 273 1 126.54166666666667 231 684 231
 78 2493 126 1 126.4251968503937 215.5 694 215.5
 78 130220 161 1 105.0246913580247 206.5 680.5 206.5
 79 15731 89 1 85.088888888888889 205 713.5 205
 79 71641 140 1 205.21428571428572 249.5 653.5 236
 80 73613 79 1 227.01249999999999 266 647.5 266
 80 88892 78 1 91.177215189873422 207.5 711 207.5
 80 94792 85 1 91.053571428571431 195.5 711 195.5
 81 105636 79 1 275.69230769230768 292.5 613.5 292.5
 82 117593 112 1 93.477876106194685 196.5 682.5 189.5
 83 35520 57 1 85.257142857142853 204.5 511.5 204.5
 83 64289 75 1 240.51315789473685 275 642.5 275
 83 108936 112 1 125.29203539823008 219.5 695 219.5
 84 52463 130 1 141.54961832061068 236.5 686.5 236.5
 84 154063 62 1 90.688524590163937 307.5 307.5 203
 85 48895 99 1 232.78999999999999 272 646 272
 85 142018 123 1 86.564516129032256 193 712 193
 86 19664 101 1 82.588235294117652 204.5 684.5 204.5
 86 22624 93 1 87.510638297872347 196.5 710.5 196.5
 86 128836 138 1 91.964028776978424 191.5 703 191.5
 86 158386 103 1 115.70192307692308 204 701 204
 87 18015 12 1 89.92307692307692 207.5 259 207.5
 87 158265 83 1 212.1904761904762 262 653.5 262
